4294967294,0
4294967278,132
4294967278,131
4294967278,257
4294967278,130
4294967278,129
4294967278,128
4294967278,127
4294967278,126
4294967278,125
4294967278,124
4294967278,123
4294967278,122
4294967278,250
4294967278,121
4294967278,120
4294967278,119
4294967278,118
4294967278,117
4294967278,240
4294967278,116
4294967278,376
4294967278,115
4294967278,114
4294967278,113
4294967278,234
4294967278,112
4294967278,111
4294967278,110
4294967278,109
4294967278,108
4294967278,107
4294967278,106
4294967278,105
4294967278,104
4294967278,216
4294967278,103
4294967278,102
4294967278,374
4294967278,101
4294967278,332
4294967278,100
4294967278,99
4294967278,98
4294967278,97
4294967278,96
4294967278,310
4294967278,95
4294967278,94
4294967278,93
4294967278,351
4294967278,92
4294967278,91
4294967278,90
4294967278,89
4294967278,87
4294967278,86
4294967278,383
4294967278,85
4294967278,84
4294967278,83
4294967278,82
4294967278,81
4294967278,307
4294967278,80
4294967278,79
4294967278,78
4294967278,328
4294967278,77
4294967278,304
4294967278,76
4294967278,75
4294967278,74
4294967278,73
4294967278,72
4294967278,303
4294967278,71
4294967278,369
4294967278,70
4294967278,69
4294967278,68
4294967278,67
4294967278,66
4294967278,65
4294967278,63
4294967278,62
4294967278,61
4294967278,260
4294967279,565
4294967279,572
4294967279,76
4294967279,75
4294967279,73
4294967279,560
4294967279,71
4294967279,68
4294967279,66
4294967279,517
4294967279,302
4294967279,60
4294967279,59
4294967279,561
4294967279,52
4294967279,51
4294967279,513
4294967279,50
4294967279,536
4294967279,48
4294967279,157
4294967279,43
4294967279,512
4294967279,41
4294967279,531
4294967279,38
4294967279,530
4294967279,35
4294967279,136
4294967279,260
4294967279,133
4294967279,30
4294967279,28
4294967279,26
4294967279,25
4294967279,24
4294967279,524
4294967279,288
4294967279,21
4294967279,20
4294967279,287
4294967279,318
4294967279,17
4294967279,13
4294967279,285
4294967279,11
4294967279,317
4294967279,557
4294967279,9
4294967279,0
4294967279,284
4294967279,8
4294967279,262
4294967279,7
4294967279,525
4294967279,6
4294967279,282
4294967279,5
4294967279,281
4294967279,4
4294967278,64
4294967278,349
4294967294,6
4294967294,5
0,5
4294967279,178
199,5
199,4
199,3
199,2
199,1
197,4
197,3
197,2
197,1
4294967294,428
196,4
196,3
196,2
196,1
4294967278,389
193,5
193,4
193,3
193,2
193,1
4294967294,503
191,4
191,3
191,2
191,1
4294967279,323
4294967278,388
4294967279,322
190,5
190,4
190,3
190,2
190,1
4294967294,502
188,5
188,4
188,3
188,2
188,1
4294967279,321
187,6
4294967294,501
4294967279,320
4294967278,387
187,5
187,4
187,3
187,2
187,1
4294967279,518
186,5
186,4
186,3
186,2
186,1
185,4
185,3
185,2
185,1
184,5
184,4
184,3
184,2
184,1
183,4
183,3
183,2
183,1
4294967279,515
4294967294,500
182,4
182,3
182,2
182,1
4294967279,236
181,6
4294967294,1428
181,5
181,4
181,3
181,2
181,1
180,4
180,3
180,2
180,1
179,5
179,4
179,3
179,2
179,1
4294967294,1425
4294967294,499
178,4
178,3
178,2
178,1
4294967279,218
4294967279,316
4294967278,386
4294967294,473
4294967278,385
4294967293,131
4294967293,130
4294967293,129
4294967293,128
4294967293,127
4294967293,126
4294967293,125
4294967293,124
4294967293,123
4294967293,122
4294967293,121
4294967293,120
4294967293,119
4294967293,118
4294967293,117
4294967293,116
4294967293,115
4294967293,114
4294967293,113
4294967293,112
4294967293,111
4294967293,110
4294967293,109
4294967293,108
4294967293,107
4294967293,106
4294967293,105
4294967293,104
4294967293,103
4294967293,102
4294967293,101
4294967293,100
4294967293,99
4294967293,98
4294967293,97
4294967293,96
4294967293,95
4294967293,94
4294967293,93
4294967293,92
4294967293,91
4294967293,90
4294967293,89
4294967293,88
4294967293,87
4294967293,86
4294967293,85
4294967293,84
4294967293,83
4294967293,82
4294967293,81
4294967293,80
4294967293,79
4294967293,78
4294967293,77
4294967293,76
4294967293,75
4294967293,74
4294967293,73
4294967293,72
4294967293,71
4294967293,70
4294967293,69
4294967293,68
4294967293,67
4294967293,66
4294967293,65
4294967293,64
4294967293,63
4294967293,62
4294967293,61
4294967293,60
4294967293,59
4294967293,58
4294967293,57
4294967293,56
4294967293,55
4294967293,54
4294967293,53
4294967293,52
4294967293,51
4294967293,50
4294967293,49
4294967293,48
4294967293,47
4294967293,46
4294967293,45
4294967293,44
4294967293,43
4294967293,42
4294967293,41
4294967293,40
4294967293,39
4294967293,38
4294967293,37
4294967293,36
